N: 27912
b: 128
Sigma: 1.3
T: 13000
Eps: 2.392514086917472
Delta: 1.2871523321606923e-05
Point omitted: 181