N: 27912
b: 128
Sigma: 3.5
T: 3000
Eps: 0.3548552200385621
Delta: 1.2871523321606923e-05
Point omitted: 198