N: 27912
b: 128
Sigma: 2.3
T: 11000
Eps: 1.0767404044062667
Delta: 1.2871523321606923e-05
Point omitted: 181