N: 27912
b: 128
Sigma: 2.3
T: 6000
Eps: 0.793629696244204
Delta: 1.2871523321606923e-05
Point omitted: 181