N: 27912
b: 128
Sigma: 2.3
T: 1000
Eps: 0.33509115706614956
Delta: 1.2871523321606923e-05
Point omitted: 234