N: 27912
b: 128
Sigma: 2.3
T: 16000
Eps: 1.3021828806521767
Delta: 1.2871523321606923e-05
Point omitted: 181