N: 27912
b: 128
Sigma: 2.3
T: 19000
Eps: 1.4214019579786048
Delta: 1.2871523321606923e-05
Point omitted: 181