N: 27912
b: 128
Sigma: 1.3
T: 9000
Eps: 1.984722490207647
Delta: 1.2871523321606923e-05
Point omitted: 181