N: 27912
b: 128
Sigma: 2.3
T: 2000
Eps: 0.45998902719589696
Delta: 1.2871523321606923e-05
Point omitted: 185