N: 27912
b: 128
Sigma: 2.3
T: 20000
Eps: 1.4591341341301929
Delta: 1.2871523321606923e-05
Point omitted: 181