N: 27912
b: 128
Sigma: 2.3
T: 3000
Eps: 0.5619069067069087
Delta: 1.2871523321606923e-05
Point omitted: 182