N: 27912
b: 128
Sigma: 2.3
T: 9000
Eps: 0.9729821386862401
Delta: 1.2871523321606923e-05
Point omitted: 181