N: 27912
b: 128
Sigma: 1.3
T: 19000
Eps: 2.9086425590832294
Delta: 1.2871523321606923e-05
Point omitted: 181