N: 27912
b: 128
Sigma: 1.3
T: 3000
Eps: 1.1749960559012755
Delta: 1.2871523321606923e-05
Point omitted: 205