N: 27912
b: 128
Sigma: 3.5
T: 5000
Eps: 0.45779463820929545
Delta: 1.2871523321606923e-05
Point omitted: 182