N: 27912
b: 128
Sigma: 2.3
T: 4000
Eps: 0.6481824067714756
Delta: 1.2871523321606923e-05
Point omitted: 181