N: 27912
b: 128
Sigma: 2.3
T: 18000
Eps: 1.3827214905271266
Delta: 1.2871523321606923e-05
Point omitted: 181