N: 27912
b: 128
Sigma: 2.3
T: 7000
Eps: 0.8574171278119891
Delta: 1.2871523321606923e-05
Point omitted: 181