N: 27912
b: 128
Sigma: 3.5
T: 1000
Eps: 0.2061692359927222
Delta: 1.2871523321606923e-05
Point omitted: 511