N: 27912
b: 128
Sigma: 2.3
T: 15000
Eps: 1.2601257026114396
Delta: 1.2871523321606923e-05
Point omitted: 181