N: 27912
b: 128
Sigma: 2.3
T: 13000
Eps: 1.1718060420530163
Delta: 1.2871523321606923e-05
Point omitted: 181