N: 27912
b: 128
Sigma: 2.3
T: 14000
Eps: 1.2167160081821788
Delta: 1.2871523321606923e-05
Point omitted: 181