N: 27912
b: 128
Sigma: 3.5
T: 4000
Eps: 0.40952344578614214
Delta: 1.2871523321606923e-05
Point omitted: 182