N: 27912
b: 128
Sigma: 3.5
T: 6000
Eps: 0.5015215475699916
Delta: 1.2871523321606923e-05
Point omitted: 182