N: 27912
b: 128
Sigma: 2.3
T: 10000
Eps: 1.0261056657352468
Delta: 1.2871523321606923e-05
Point omitted: 181