N: 27912
b: 128
Sigma: 3.5
T: 10000
Eps: 0.6481541197959253
Delta: 1.2871523321606923e-05
Point omitted: 182