N: 27912
b: 128
Sigma: 1.3
T: 1000
Eps: 0.8537833295319942
Delta: 1.2871523321606923e-05
Point omitted: 978