N: 27912
b: 128
Sigma: 1.3
T: 6000
Eps: 1.6195741182365804
Delta: 1.2871523321606923e-05
Point omitted: 181