N: 27912
b: 128
Sigma: 1.3
T: 5000
Eps: 1.4796450134900059
Delta: 1.2871523321606923e-05
Point omitted: 191