N: 27912
b: 128
Sigma: 3.5
T: 2000
Eps: 0.2901779057997794
Delta: 1.2871523321606923e-05
Point omitted: 214