N: 27912
b: 128
Sigma: 2.3
T: 12000
Eps: 1.1252190109035416
Delta: 1.2871523321606923e-05
Point omitted: 181