N: 27912
b: 128
Sigma: 3.5
T: 7000
Eps: 0.5418048862964255
Delta: 1.2871523321606923e-05
Point omitted: 181