N: 27912
b: 128
Sigma: 2.3
T: 5000
Eps: 0.7244582491083977
Delta: 1.2871523321606923e-05
Point omitted: 182