N: 27912
b: 128
Sigma: 1.3
T: 4000
Eps: 1.3297786804633365
Delta: 1.2871523321606923e-05
Point omitted: 184